2293
2326
2325
2437
2436
2435
2402
2401
2399
2400
2403
2434
2409
2408
2404
2407
2406
2405
2305
2304
2303
2301
2302
2316
2311
2314
2313
2321
2320
2319
2317
2318
2412
2411
2410
2471
2469
2468
2470
2433
2432
2427
2431
2428
2430
2429
2441
2440
2442
2337
2334
2336
2360
2358
2363
2365
2374
2369
2373
2370
2380
2378
2379
1775
1758
1760
1759
1749
1750
2280
2283
2284
2285
2286
2287
2288
2289
2290
2292
1019
1012
1011
982
993
1960
1949
1952
1953
1955
1956
1957
1958
1959
1495
1496
726
664
665
1498
1497
1501
1504
1506
1505
2080
2071
2072
2073
2074
2075
2076
2077
2078
2079
1734
1727
1508
1511
1509
1510
1512
1516
1515
1517
1518
2010
1997
1998
1999
2000
2001
2002
2003
2004
2005
2006
2007
2008
2009
526
549
548
547
1532
1520
1521
1525
1523
1524
1863
1526
1530
1529
1527
1528
1531
1545
1548
1546
1867
1547
2037
2035
2025
2026
2027
2028
2029
2030
2031
2032
2033
2034
2036
1919
1907
1908
1909
1910
1911
1912
1913
1914
1915
1916
1917
1918
1307
1305
1306
714
713
711
712
600
623
617
614
615
622
619
618
620
621
1373
1375
1374
1376
1377
1378
1379
1381
1380
1748
1747
1746
1386
1382
1385
1383
1384
1389
1387
1388
1258
1741
1740
1739
1738
1737
1132
1150
1138
1139
1148
1140
1142
1141
1143
1144
1145
1146
1147
1149
1154
1153
1152
3287
3260
3261
3259
3286
3320
3288
3252
3319
3336
3321
3322
3325
3335
3356
3355
3258
3257
2678
2659
2674
2661
2602
2601
2671
2600
2670
2663
2669
2530
2616
2615
2527
2526
3256
2614
2776
3323
3352
3351
3350
3349
3344
3343
3346
3345
3348
3347
3324
3334
3326
3255
3333
3254
3253
3218
3217
3224
3223
3220
3219
3222
3221
3236
3227
3225
3226
3228
3229
3230
3231
3232
3233
3234
3235
3332
3327
3331
2994
2991
2990
2972
2973
2985
2974
2975
2976
2981
2979
2977
2978
2980
2982
2983
2984
2989
2988
2986
2987
2992
2993
3330
3328
3329
2996
2995
3048
3016
3015
3018
3017
3020
3019
3023
3022
3021
3013
3012
3010
3011
3035
3032
3034
3033
3038
3037
3036
3053
3061
3060
3055
3057
3056
3059
3058
3148
3113
3112
3130
3118
3116
3114
3115
3117
3119
3120
3121
3122
3123
3124
3125
3126
3127
3128
3129
3031
3025
3024
3030
3029
3047
3042
3039
3046
2997
2998
403
401
400
402
250
288
316
302
309
304
306
305
307
308
303
315
313
312
311
310
314
422
428
432
431
435
459
457
458
478
489
488
486
487
443
322
317
319
318
321
320
427
2479
2478
2476
2477
2098
2100
2267
2264
2266
2265
2515
2514
2513
2484
2512
2511
2487
2485
2486
2488
2499
2498
2490
2489
2491
2492
2495
2493
2494
2496
2497
2503
2500
2501
2502
2510
2504
2505
2508
2506
2507
2509
2299
2297
2298
2347
2345
2346
2371
1649
1648
1647
1645
1644
1666
1665
1664
1660
2463
2461
2460
2462
1661
1662
1663
1633
1632
1631
1981
1980
1979
1978
2104
2199
2210
2200
2209
2203
2201
2202
2204
2208
2114
2207
2206
2205
849
846
847
848
736
734
733
732
730
731
735
766
765
772
2214
2260
2257
2259
2258
830
1128
1127
1130
1514
1513
1401
1400
1422
1421
1420
1410
1411
1418
1412
1413
1414
1415
1416
1417
1419
957
2113
2108
2112
2109
2111
2110
2197
2116
2117
2118
2119
2196
2127
2125
2124
2126
2132
2149
2148
2133
2134
2135
2147
2136
2146
2140
2138
2137
2139
2141
2145
2144
2143
2142
2168
2167
2150
2154
2152
2151
2153
2155
2166
2169
2182
2177
2170
2176
2171
2175
2172
2173
2174
2181
2178
2180
2179
2276
2273
2275
2274
