1757
2385
2384
2323
2322
2295
2293
2294
2326
2324
2325
2437
2436
2435
2402
2401
2409
2404
2407
2405
2305
2304
2303
2301
2302
2442
2337
2334
2336
2351
2355
2358
2363
2365
2374
2369
2373
2378
1775
1758
1760
1759
2283
2284
2285
2287
2288
1019
1012
1011
1013
997
982
984
983
993
991
992
1960
1948
1950
1952
1953
1954
1955
1956
1957
1958
1959
1495
1496
726
665
1498
1497
1500
1502
1503
1507
1504
1506
1505
2080
2068
2069
2070
2071
2072
2073
2074
2075
2076
2077
2078
2079
1734
1727
1726
1510
1512
1515
1519
750
939
752
744
729
727
728
528
532
531
543
533
534
535
536
537
541
540
538
539
542
545
544
1522
623
617
614
615
616
622
619
618
620
621
2241
2238
2240
2239
1678
1677
1680
1703
1702
1713
1712
1711
1708
1710
1709
1292
1291
1216
996
994
2067
2055
2056
2057
2058
2059
2060
2061
2062
2063
2064
2065
2066
995
1763
1762
1764
1767
1765
1766
1774
1770
1769
1768
1771
1772
1773
1781
1780
1776
2534
2629
2622
2578
2572
2568
2577
2576
2628
2533
2575
2678
2659
2677
2574
2676
2660
2675
2711
2698
2592
2579
2571
2710
2570
2569
2589
2695
2582
2693
2692
2690
2581
2702
2701
2723
2713
2722
2611
2610
2609
2608
2607
2721
2714
2720
2719
2718
2717
2716
2715
2539
2536
2537
2535
2538
2544
2541
2543
2542
2540
2553
2552
2565
2563
2564
2562
