2322
2294
2326
2324
2325
2437
2436
2402
2401
2400
2387
2386
2305
2304
2303
2301
2302
2391
2390
2316
2311
2315
2320
2317
2412
2410
2469
2468
2433
2427
2430
2442
2337
2334
2336
2335
2351
2358
2363
2374
2373
2380
2379
1775
1758
1760
1759
1751
1749
1750
2082
2081
2281
2280
2283
2284
2285
2286
2287
2288
2289
2290
2291
2292
1019
1012
1011
997
983
993
991
992
1960
1948
1953
1954
1955
1956
1957
1959
998
1627
1624
1626
1625
1655
1654
1653
1652
1646
1657
1656
1639
1638
1636
1634
1635
1637
1674
1658
1659
1672
1671
1670
1667
1668
1669
1630
1628
1629
1996
1977
1983
1982
1984
1985
1986
1987
1988
1989
1990
1991
1992
1993
1994
1995
1010
1008
1009
1018
1015
1017
1016
1786
1785
1784
1825
1824
1827
1826
1828
1831
1830
1834
1833
1832
1853
1854
1859
1856
1855
1858
1857
854
781
776
777
778
779
780
2085
2084
2106
2105
2211
2198
2215
2213
2227
2216
2217
2218
2219
2220
2226
2225
2221
2224
2222
2223
2255
2252
2254
2253
787
784
782
786
785
855
856
857
860
858
2525
2516
2518
2517
859
862
861
864
863
878
876
868
867
873
872
871
870
869
877
1425
1426
1872
2567
2566
2698
2592
2579
2571
2586
2580
2591
2590
2587
2709
2699
2708
2784
2614
2573
2707
2700
2706
2705
2704
2703
2702
2701
2781
2780
2735
2734
2733
2751
2750
2749
2748
2747
2746
2763
2756
2762
2761
2760
2759
3250
3249
3239
3238
3240
3248
3247
3246
2778
2777
2641
2631
2640
2639
2632
2638
2637
2636
2635
2634
2633
2557
2555
2556
2554
2483
2481
2482
2745
2459
2743
2742
2741
2740
2739
