2395
2394
2456
2455
2454
2452
2453
2349
2350
2361
2355
2354
2360
2363
2364
2374
2373
2283
2284
2285
2286
2287
2288
2289
2290
2291
2292
1019
1012
1298
1449
1860
1851
1849
1850
1852
1803
1802
1848
1841
1839
1840
1804
1805
1819
1811
1818
1817
1821
1820
1836
1837
1822
1823
1782
1828
1831
1830
1834
1833
1832
1853
1854
1859
1856
1855
1858
1857
1450
978
1461
1451
1452
1453
1455
1454
1459
1458
1456
1457
1460
1475
1462
1463
1464
1465
1466
1469
1467
1468
1473
1472
1470
1471
1474
1476
1494
1493
1492
1249
1260
1259
1254
1253
1252
1255
1257
1256
1109
1742
1735
2271
2270
853
850
851
852
1736
829
1741
1740
1739
1738
1737
1112
1113
1114
1115
1116
1121
814
767
1217
1868
2567
2566
2575
2678
2659
2677
2687
2680
2686
2620
2613
2619
2618
2532
2617
2531
2529
2560
2530
2616
2614
2573
2685
2684
2683
2682
2681
253
255
