2440
2352
2362
2353
2375
2381
2082
2283
2284
2285
2287
2288
2292
1019
1012
1011
1277
1284
1283
1278
1282
1281
1933
1921
1923
1924
1926
1928
1930
1931
1573
1555
1549
1550
1551
1552
1554
1556
1572
1025
1024
1035
1037
1036
761
760
758
751
750
753
752
744
729
727
728
756
755
754
743
740
739
737
738
742
1040
1047
1046
1045
1044
1072
1073
1576
1574
1589
1588
1587
1577
1578
1579
1580
1581
1585
1584
1582
1583
1586
1280
1279
1553
1571
1570
1557
1558
1559
1560
1561
1562
1563
1564
1565
1566
1567
1568
1569
2630
208
206
525
518
519
521
516
298
247
246
249
399
251
252
257
258
259
261
262
263
211
210
264
404
412
411
405
409
407
506
505
504
408
410
267
265
295
294
268
292
280
271
270
272
276
275
279
278
277
375
414
413
339
341
342
343
344
346
209
350
348
347
332
323
331
327
325
326
328
329
330
349
370
368
369
371
372
373
367
282
283
285
284
290
289
291
293
524
207
