2389
2388
2310
2309
2308
2306
2307
2351
2359
2357
2358
2363
2365
2374
2369
2372
2380
2378
2379
2283
2284
2285
2287
2289
2290
2291
2292
1019
1011
1014
1000
1302
1340
726
664
665
1341
1344
1342
1343
1345
1346
1347
1351
1348
1350
2024
2022
2011
2012
2013
2014
2015
2016
2017
2018
2019
2020
2021
2023
1906
1893
1894
1895
1896
1897
1898
1899
1900
1901
1902
1903
1904
1905
1349
2076
2077
2078
2079
1303
1430
1428
2606
1429
1448
1432
1431
1444
1433
1434
1442
1435
1436
1437
1438
1439
1440
1441
1443
1447
1445
1446
1352
1862
1353
1869
1357
1354
1356
1355
1368
1358
1359
1360
1361
1362
1366
1365
1363
1364
1367
1371
1369
1873
1871
1370
1304
1311
1312
1314
1313
1315
1316
1320
1317
1319
1318
2086
1681
1323
1321
1322
1336
1324
1325
1328
1327
1329
1330
1334
1333
1331
1332
1335
1339
1337
1338
2039
1737
1110
1120
1111
1119
1118
1117
1112
1113
1114
1115
1116
1121
1005
1007
1006
1745
1743
1744
1326
2602
2601
2560
2530
2616
2615
2527
2558
2614
2573
2668
2667
2753
2764
2735
2734
2733
2752
2731
2730
2751
2729
2728
2727
2726
2725
2762
2761
2758
2757
