2393
2392
2451
2450
2449
2447
2448
2336
2344
2349
2350
2370
2372
2380
2378
2379
2283
2290
2291
2292
1011
1014
1299
1495
1496
726
664
1498
1497
1847
1845
1846
1816
1815
1814
1812
1813
1820
1838
1836
1837
1822
1823
1783
1782
1826
1828
1831
1830
1833
1832
1853
1854
1859
1856
1855
1858
1857
1914
1915
1916
1918
1307
1305
1306
1842
1843
1844
1810
1809
1808
1806
1807
1801
1788
1800
1793
1792
1796
1795
1794
1787
1791
1790
1789
1756
1754
1752
1753
1755
2561
2559
2534
2629
2622
2578
2572
2568
2577
2628
2533
2575
2678
2659
2673
2672
2662
2593
2599
2594
2598
2597
2650
2643
2649
2614
2573
2648
2647
2646
2645
2644
2596
2595
2627
2626
2625
2624
2623
256
254
253
324
