2448
2344
2361
2355
2354
2360
2359
2357
2358
2363
2364
2374
2369
2283
2284
2285
2286
2287
2288
2289
2290
2291
2292
1019
1011
1013
1000
1495
1496
726
666
663
664
665
1498
1497
1501
1504
1506
1505
2080
2068
2069
2070
2071
2072
2073
2074
2076
2077
2078
2079
1734
1727
1726
1294
1293
1287
1286
1285
1288
1290
1289
1947
1934
1935
1936
1937
1938
1939
1940
1941
1942
1943
1944
1945
1946
762
1038
1041
1039
1042
1043
1049
1048
1051
1050
815
818
817
816
1053
1052
768
775
774
769
770
1054
1074
1065
1062
1055
1056
1057
1061
1064
1063
1031
1034
1032
1033
1296
1295
1297
1310
1308
1309
545
544
1522
1861
1866
840
835
836
837
838
839
2234
2229
2092
2233
2230
2232
2231
841
845
842
843
844
1682
1687
1689
1004
245
244
242
243
266
297
296
517
496
446
444
301
299
423
300
454
450
451
452
453
456
455
424
433
464
460
461
462
463
465
467
466
493
492
468
470
469
476
475
477
503
502
501
499
498
513
512
508
509
510
511
507
500
483
479
480
481
482
485
484
491
490
495
494
