2349
2359
2357
2358
2363
2364
2374
2369
2373
2283
2290
2291
1011
1014
1013
1000
1300
1199
726
663
664
665
687
686
684
685
656
657
658
659
1200
1202
1201
1203
1205
1204
1206
1207
1211
1208
1210
1209
1726
1212
1215
1213
1214
1218
1221
1219
1220
2002
2003
2004
2005
2006
2007
2008
2009
526
546
527
751
750
939
753
752
744
729
728
755
759
528
532
543
533
534
535
536
541
540
538
539
542
545
544
1228
1222
1223
1870
1224
1225
1226
1227
1229
1245
1244
1248
1247
1249
1251
1250
1594
1590
1593
1592
1591
1595
1599
1598
1597
1596
1622
1602
1621
1620
1619
1603
1604
1610
1609
1605
1606
1607
1608
1611
1612
1613
1617
1616
1614
1615
1618
1623
1263
1261
1262
1264
951
952
953
954
955
956
206
525
518
520
519
523
522
521
516
298
247
246
248
249
399
251
252
257
260
258
259
261
262
263
211
210
264
404
412
411
405
409
407
406
506
497
505
504
408
410
267
265
295
294
268
292
280
271
270
279
277
375
335
336
337
338
345
341
342
343
344
346
351
354
352
353
355
356
357
366
365
364
358
362
360
359
397
394
395
396
361
363
374
370
368
369
371
372
373
281
284
290
289
291
293
269
241
213
214
215
216
217
218
225
221
222
223
224
226
234
230
228
229
231
232
233
227
240
236
237
238
239
274
273
287
286
