2322
2295
2293
2294
2326
2324
2325
2437
2436
2435
2402
2401
2399
2400
2304
2303
2301
2302
2391
2390
2316
2311
2315
2314
2313
2312
2320
2317
2412
2410
2471
2468
2470
2433
2427
2430
2334
2336
2335
2354
2360
2356
2359
2357
2370
2380
2378
2379
1775
1758
1760
1749
1750
2283
2284
2285
2287
2288
2289
2290
2291
2292
1019
1011
1014
982
984
983
993
991
992
1960
1948
1949
1950
1951
1952
1953
1954
1955
1956
1957
1958
1959
998
1627
1624
1626
1625
1655
1654
1653
1652
1646
1651
1650
1657
1656
1643
1642
1640
1641
1674
1673
1658
1659
1672
1671
1670
1667
1668
1669
1630
1628
1629
1996
1977
1983
1985
1986
1987
1988
1989
1990
1991
1992
1993
1994
1995
1010
1009
1018
1017
757
745
750
947
949
948
950
752
744
729
727
728
756
755
754
759
528
532
531
543
533
534
535
536
537
541
545
544
1228
1223
1870
1224
1225
1226
1227
1229
1245
1244
1248
1246
1301
1372
1373
1375
1374
1376
1377
1378
1379
1381
1380
1748
1747
1746
1386
1382
1385
1383
1384
1389
1387
1388
1544
1543
1533
1534
1541
1535
1536
1538
1537
1539
1540
1542
1243
1242
1241
1230
1231
1239
1232
1233
1234
1236
1235
1237
1238
1240
1390
1391
1392
1396
1395
1393
1394
1408
1397
1398
1399
1407
1406
1405
1404
1402
1403
1409
1424
1423
1427
1425
1426
1872
2533
2676
2592
2571
2585
2584
2590
2710
2570
2569
2589
2583
2696
2689
2695
2694
2691
2690
2581
2704
2703
2702
2782
2779
2781
2780
2783
2751
2750
2749
2748
2747
2746
2763
2756
2762
2761
721
720
718
715
717
716
719
626
652
651
650
643
648
647
644
646
645
649
655
653
654
625
624
642
641
629
628
627
630
638
634
631
632
633
635
636
637
670
669
667
668
599
598
706
705
703
704
613
609
602
601
608
607
603
604
605
606
612
610
611
