2383
2382
2340
2343
2341
2342
2339
2338
2332
2333
2398
2446
2445
2444
2438
2439
2397
2396
2443
2348
2352
2362
2353
2376
2366
2368
2367
2375
2377
2381
1750
2283
2284
2285
2286
2287
2292
1019
1011
1284
1283
1278
1282
1281
1933
1920
1921
1922
1923
1924
1925
1926
1927
1928
1929
1930
1931
1932
1573
1555
1549
1550
1551
1552
1554
1556
1572
1025
1024
1035
1037
760
745
750
753
752
744
729
727
728
755
759
743
741
740
739
737
738
742
1835
1071
1066
1070
1069
1067
1068
1060
1059
1058
1588
1587
1577
1579
1580
1581
1585
1584
1582
1583
1586
2551
2546
2528
2622
2578
2572
2568
2577
2628
2533
2567
2566
2575
2678
2659
2571
2586
2580
2585
2588
2583
2696
2689
2695
2582
2694
2547
2550
2545
2690
2581
2549
2548
