2322
2293
2294
2326
2324
2325
2437
2436
2435
2402
2401
2399
2400
2403
2434
2409
2404
2407
2406
2405
2331
2330
2329
2327
2328
2441
2337
2334
2336
2335
2344
2351
2361
2355
2354
2360
2358
2363
2364
2374
2369
2373
2370
2380
2378
2379
1775
1758
1760
1759
1750
2283
2290
2291
1011
997
982
984
983
993
991
992
1960
1948
1949
1950
1951
1952
1953
1954
1955
1956
1957
1958
1959
1495
1496
726
663
1499
1501
1507
1504
1506
2080
2068
2069
2070
2071
2072
2073
2074
2075
2076
2077
2079
1734
1727
1726
1729
1728
1675
915
909
910
911
912
913
914
2115
2279
2251
2244
2237
2236
2088
2095
2094
2089
2093
2091
2090
2083
2243
2242
2250
2245
2087
2278
2212
2107
2256
2228
2261
2096
2103
2102
2097
2101
2099
2262
2269
2263
2475
2480
2268
2277
2272
916
927
917
924
920
919
918
923
921
922
926
1685
1684
1686
1690
1688
1716
1691
1692
1706
1693
1694
1697
1695
1696
1698
1699
1701
1700
1704
1705
1707
1715
1714
1722
1717
1718
1720
1719
1721
1725
1723
1724
2038
2054
2053
2040
2041
2042
2043
2044
2045
2046
2047
2048
2049
2050
2051
2052
1733
1730
1732
1731
999
1021
1020
1109
853
850
851
852
1736
829
1741
1740
1739
1738
1737
1110
1122
1123
1124
1125
1135
1134
1137
1151
1150
1138
1139
1148
1140
1142
1141
1144
1145
1146
1147
1149
1154
1153
1152
834
1136
1865
3358
3357
2574
2614
2667
2666
2665
2664
2765
2754
2737
2736
2753
2764
2735
2734
2733
2752
2751
2750
2749
2748
2747
2746
2763
2756
2762
2761
2656
2655
2767
2654
2653
2652
3285
3262
3263
3284
3283
3264
3282
2888
2887
2897
2891
2892
2894
2893
2943
2942
2946
2945
2944
2904
2898
2899
2901
2900
2914
2916
2915
2956
2958
2957
2961
2960
2959
2965
2966
2970
2969
2971
2917
2918
2927
2926
2925
2919
2920
2922
2921
2923
2924
2968
2967
2905
2906
2907
2908
2909
2910
2911
2912
2913
2889
2890
3281
3265
3271
3280
2855
2854
2852
2853
2856
2857
3269
3266
3267
3270
3279
3272
3273
3278
2768
2769
2772
2775
2774
2770
3277
3274
3275
3276
2865
2866
2867
2870
2869
2868
2881
2876
2873
2875
2874
2871
2872
682
681
679
680
976
2519
2521
2520
